{
 "cells": [
  {
   "cell_type": "markdown",
   "id": "04d936df",
   "metadata": {},
   "source": [
    "Case Study: Policyholder Data Transformation in Insurance Industry using NumPy\n",
    "Overview:\n",
    "\n",
    "An insurance company stores policyholder data, including:\n",
    "Policy Number\n",
    "Premium Amount\n",
    "Insured Amount\n",
    "Claim Amount\n",
    "Due to a data migration issue, the “Premium Amount” and “Claim Amount” columns have been swapped.\n",
    "\n",
    "Your task is to correct this misalignment using NumPy.\n",
    "\n",
    "Learning Objectives:\n",
    "Understand how to manipulate structured data using NumPy\n",
    "Perform column swapping in a NumPy array\n",
    "Gain insights into real-world insurance data handling"
   ]
  },
  {
   "cell_type": "code",
   "execution_count": 16,
   "id": "e729299a",
   "metadata": {},
   "outputs": [
    {
     "name": "stdout",
     "output_type": "stream",
     "text": [
      "Original policyholder data:\n",
      "\n",
      "   Policy Number  Premium Amount  Insured Amount  Claim Amount\n",
      "0           1001           12000           50000           500\n",
      "1           1002           15000           75000           700\n",
      "2           1003           18000          100000          1000\n",
      "3           1004           20000          120000          1200\n",
      "4           1005           25000          150000          1500\n",
      "\n",
      "Correct policyholder data:\n",
      "\n",
      "   Policy Number  Premium Amount  Insured Amount  Claim Amount\n",
      "0           1001             500           50000         12000\n",
      "1           1002             700           75000         15000\n",
      "2           1003            1000          100000         18000\n",
      "3           1004            1200          120000         20000\n",
      "4           1005            1500          150000         25000\n"
     ]
    }
   ],
   "source": [
    "import numpy as np\n",
    "import pandas as pd\n",
    "\n",
    "# Columns: Policy Number, Premium Amount, Insured Amount, Claim Amount\n",
    "data = np.array([\n",
    "    [1001, 12000, 50000, 500],\n",
    "    [1002, 15000, 75000, 700],\n",
    "    [1003, 18000, 100000, 1000],\n",
    "    [1004, 20000, 120000, 1200],\n",
    "    [1005, 25000, 150000, 1500]\n",
    "])\n",
    "\n",
    "col = [\"Policy Number\", \"Premium Amount\", \"Insured Amount\", \"Claim Amount\"]\n",
    "\n",
    "print(\"Original policyholder data:\")\n",
    "print()\n",
    "\n",
    "df_before = pd.DataFrame(data, columns=col)\n",
    "print(df_before)\n",
    "print()\n",
    "\n",
    "df_before[\"temp\"] = df_before[\"Premium Amount\"]\n",
    "df_before[\"Premium Amount\"] = df_before[\"Claim Amount\"]\n",
    "df_before[\"Claim Amount\"] = df_before[\"temp\"]\n",
    "\n",
    "df_after = df_before.drop(\"temp\", axis=1)\n",
    "\n",
    "print(\"Correct policyholder data:\")\n",
    "print()\n",
    "\n",
    "print(df_after)\n"
   ]
  },
  {
   "cell_type": "code",
   "execution_count": 17,
   "id": "d0182c5d",
   "metadata": {},
   "outputs": [
    {
     "name": "stdout",
     "output_type": "stream",
     "text": [
      "   Policy Number  Premium Amount  Insured Amount  Claim Amount\n",
      "0           1001             500           50000         12000\n",
      "1           1002             700           75000         15000\n",
      "2           1003            1000          100000         18000\n",
      "3           1004            1200          120000         20000\n",
      "4           1005            1500          150000         25000\n"
     ]
    }
   ],
   "source": [
    "import numpy as np\n",
    "import pandas as pd\n",
    "\n",
    "# Original data\n",
    "data = np.array([\n",
    "    [1001, 12000, 50000, 500],\n",
    "    [1002, 15000, 75000, 700],\n",
    "    [1003, 18000, 100000, 1000],\n",
    "    [1004, 20000, 120000, 1200],\n",
    "    [1005, 25000, 150000, 1500]\n",
    "])\n",
    "\n",
    "# Swap Premium Amount (index 1) and Claim Amount (index 3)\n",
    "data[:, [1, 3]] = data[:, [3, 1]]\n",
    "\n",
    "# Convert to DataFrame\n",
    "columns = [\"Policy Number\", \"Premium Amount\", \"Insured Amount\", \"Claim Amount\"]\n",
    "df_correct = pd.DataFrame(data, columns=columns)\n",
    "\n",
    "print(df_correct)\n"
   ]
  },
  {
   "cell_type": "code",
   "execution_count": null,
   "id": "8ad566cd",
   "metadata": {},
   "outputs": [
    {
     "name": "stdout",
     "output_type": "stream",
     "text": [
      "\n",
      "Total claim amount processed : 90000rs\n"
     ]
    },
    {
     "ename": "",
     "evalue": "",
     "output_type": "error",
     "traceback": [
      "\u001b[1;31mThe Kernel crashed while executing code in the current cell or a previous cell. \n",
      "\u001b[1;31mPlease review the code in the cell(s) to identify a possible cause of the failure. \n",
      "\u001b[1;31mClick <a href='https://aka.ms/vscodeJupyterKernelCrash'>here</a> for more info. \n",
      "\u001b[1;31mView Jupyter <a href='command:jupyter.viewOutput'>log</a> for further details."
     ]
    }
   ],
   "source": [
    "print(f\"\\nTotal claim amount processed : {np.sum(data[:,3])}rs\")"
   ]
  },
  {
   "cell_type": "code",
   "execution_count": null,
   "id": "85775f31",
   "metadata": {},
   "outputs": [],
   "source": []
  }
 ],
 "metadata": {
  "kernelspec": {
   "display_name": "base",
   "language": "python",
   "name": "python3"
  },
  "language_info": {
   "codemirror_mode": {
    "name": "ipython",
    "version": 3
   },
   "file_extension": ".py",
   "mimetype": "text/x-python",
   "name": "python",
   "nbconvert_exporter": "python",
   "pygments_lexer": "ipython3",
   "version": "3.13.5"
  }
 },
 "nbformat": 4,
 "nbformat_minor": 5
}
